[[  0.00000000e+00   0.00000000e+00   0.00000000e+00  -1.03057681e-09
   -0.00000000e+00   0.00000000e+00]
 [  0.00000000e+00   0.00000000e+00   0.00000000e+00  -0.00000000e+00
    2.06115362e-09  -0.00000000e+00]
 [  0.00000000e+00   0.00000000e+00   0.00000000e+00   0.00000000e+00
   -0.00000000e+00  -1.03057681e-09]
 [ -1.03057681e-09   0.00000000e+00   0.00000000e+00   0.00000000e+00
    0.00000000e+00   0.00000000e+00]
 [  0.00000000e+00   2.06115362e-09   0.00000000e+00   0.00000000e+00
    0.00000000e+00   0.00000000e+00]
 [  0.00000000e+00   0.00000000e+00  -1.03057681e-09   0.00000000e+00
    0.00000000e+00   0.00000000e+00]]