[[ -2.06115362e-09   0.00000000e+00   0.00000000e+00  -2.06117016e-09
    0.00000000e+00   0.00000000e+00]
 [  0.00000000e+00  -2.06115362e-09  -6.49880301e-42   0.00000000e+00
    4.12231551e-09   7.24669476e-32]
 [  0.00000000e+00  -6.49880301e-42   4.12230724e-09   0.00000000e+00
    7.24669476e-32  -2.06114535e-09]
 [ -2.06117016e-09   0.00000000e+00   0.00000000e+00  -2.06115362e-09
    0.00000000e+00   0.00000000e+00]
 [  0.00000000e+00   4.12231551e-09   7.24669476e-32   0.00000000e+00
   -2.06115362e-09  -6.49880301e-42]
 [  0.00000000e+00   7.24669476e-32  -2.06114535e-09   0.00000000e+00
   -6.49880301e-42   4.12230724e-09]]